SPAN = 8
BATCH_SIZE = 64
TRAINING_N = 8
TEST_N = 2
WEIGHT_C = 0.522195
WEIGHT_H = 1.477305
WEIGHT_B = 2.450396
 